ISS (ZARYA)             
1 25544U 98067A   23184.90829941  .00009752  00000+0  17474-3 0  9998
2 25544  51.6421 245.6331 0004697 100.6472  74.4204 15.50628709404384
AEROCUBE 12B            
1 43557U 18046D   23183.98287773  .00173724  00000+0  92942-3 0  9993
2 43557  51.6232 104.4341 0002346  48.3296 311.7905 15.79285844278207
ISS DEB                 
1 47853U 98067RZ  23184.56341460  .00021926  00000+0  19181-3 0  9996
2 47853  51.6336 215.2925 0002520 358.7726   1.3264 15.68836653131389
CSS (TIANHE)            
1 48274U 21035A   23184.68831507  .00020492  00000+0  25290-3 0  9999
2 48274  41.4749  55.6689 0007582 207.2507 152.7934 15.59644354124419
ISS (NAUKA)             
1 49044U 21066A   23172.50173489  .00015733  00000+0  28063-3 0  9998
2 49044  51.6410 307.1433 0004553  65.1884 294.9578 15.50243745402455
FREGAT DEB              
1 49271U 11037PF  23184.45152321 -.00007766  00000+0 -22684-1 0  9996
2 49271  51.6582 258.4345 0953380 112.5435 257.9059 12.04793520 92867
CSS (WENTIAN)           
1 53239U 22085A   23172.32771504  .00000141  00000+0  58996-5 0  9990
2 53239  41.4746 130.7235 0004813  98.5802 261.5581 15.59339219 51921
CSS (MENGTIAN)          
1 54216U 22143A   23172.32771504  .00000141  00000+0  58996-5 0  9991
2 54216  41.4746 130.7235 0004813  98.5802 261.5581 15.59339219 36403
TIANZHOU-5              
1 54237U 22152A   23172.32771504  .00000141  00000+0  58996-5 0  9994
2 54237  41.4746 130.7235 0004813  98.5802 261.5581 15.59339219 34606
ORCASAT                 
1 55126U 98067UT  23184.51595824  .01265327  11554-2  93868-3 0  9997
2 55126  51.6203 220.6721 0008425 354.4339   5.6582 16.14991419 29291
SPORT                   
1 55129U 98067UW  23184.42691119  .00062178  00000+0  47980-3 0  9997
2 55129  51.6303 234.5196 0001207 339.0737  21.0211 15.71336225 29096
HSKSAT                  
1 55182U 98067UZ  23184.37442144  .01532175  19959-2  99661-3 0  9991
2 55182  51.6139 221.9157 0008205 359.7295   0.3716 16.17026071 27973
OPTIMAL-1               
1 55183U 98067VA  23183.56064916  .00119681  00000+0  59901-3 0  9998
2 55183  51.6355 234.7415 0003727 336.5170  23.5661 15.80918445 27736
ISS DEB (SPX-26 IPA FSE)
1 55448U 98067VB  23184.40967805  .00027908  00000+0  31085-3 0  9998
2 55448  51.6346 240.4366 0003435 154.8829 205.2333 15.62609761 23792
PROGRESS-MS 22          
1 55560U 23018A   23172.50173489  .00015733  00000+0  28063-3 0  9997
2 55560  51.6410 307.1433 0004553  65.1884 294.9578 15.50243745402455
SOYUZ-MS 23             
1 55688U 23024A   23172.50173489  .00015733  00000+0  28063-3 0  9995
2 55688  51.6410 307.1433 0004553  65.1884 294.9578 15.50243745402456
CREW DRAGON 6           
1 55740U 23027A   23172.50173489  .00015733  00000+0  28063-3 0  9997
2 55740  51.6410 307.1433 0004553  65.1884 294.9578 15.50243745 17255
ARKSAT 1                
1 56311U 98067VC  23184.53724435  .00049261  00000+0  61945-3 0  9996
2 56311  51.6356 245.0298 0002307  98.8483 261.2771 15.59167285 10912
AURORASAT               
1 56312U 98067VD  23184.00531566  .00066708  00000+0  79678-3 0  9997
2 56312  51.6356 247.4756 0002584  64.3816 295.7444 15.60391384 10867
EX-ALTA-2               
1 56313U 98067VE  23183.89628592  .00051848  00000+0  65231-3 0  9999
2 56313  51.6357 248.2454 0002343  93.9346 266.1914 15.59131765 10836
LIGHTCUBE               
1 56314U 98067VF  23183.88336788  .00062395  00000+0  75518-3 0  9990
2 56314  51.6356 248.1592 0004236  67.4437 292.7004 15.60067600 10864
NEUDOSE                 
1 56315U 98067VG  23184.45971013  .00037463  00000+0  51423-3 0  9998
2 56315  51.6357 246.0081 0004587 108.3553 251.7938 15.56946675 10896
YUKONSAT                
1 56316U 98067VH  23184.43671821  .00044646  00000+0  58534-3 0  9992
2 56316  51.6359 245.8548 0004135  94.1383 266.0082 15.58096996 10912
ISS DEB                 
1 56434U 98067VJ  23184.71216419  .00033625  00000+0  48827-3 0  9991
2 56434  51.6376 245.4477 0003074 134.9415 225.1826 15.55480783  9490
TIANZHOU-6              
1 56446U 23063A   23172.32771504  .00000141  00000+0  58996-5 0  9990
2 56446  41.4746 130.7235 0004813  98.5802 261.5581 15.59339219  6520
PROGRESS-MS 23          
1 56740U 23071A   23172.50173489  .00015733  00000+0  28063-3 0  9997
2 56740  51.6410 307.1433 0004553  65.1884 294.9578 15.50243745  4331
AXIOM-2 DEB             
1 56751U 23070B   23184.40855262  .00164352  19699-4  77315-3 0  9991
2 56751  51.4284 241.4861 0051542 292.8465  66.7096 15.80752560  5265
SHENZHOU-16 (SZ-16)     
1 56761U 23077A   23172.32771504  .00000141  00000+0  58996-5 0  9995
2 56761  41.4746 130.7235 0004813  98.5802 261.5581 15.59339219  3471
